            [27.739912, 85.337037],
            [27.739424, 85.336569],
            [27.739212, 85.336386],
            [27.739081, 85.336269],
            [27.738988, 85.336169],
            [27.738889, 85.336057],
            [27.738761, 85.335897],
            [27.73847, 85.335543],
            [27.73842, 85.335483],
            [27.738351, 85.335399],
            [27.738247, 85.335272],
            [27.737687, 85.334621],
            [27.737441, 85.334324],
            [27.737169, 85.334009],
            [27.73706, 85.33387],
            [27.736816, 85.333556],
            [27.736433, 85.333091],
            [27.736139, 85.332733],
            [27.73588, 85.332417],
            [27.735768, 85.33228],
            [27.734821, 85.331119],
            [27.734747, 85.331023],
            [27.73451, 85.330734],
            [27.734229, 85.330374],
            [27.733964, 85.330042],
            [27.733656, 85.329653],
            [27.73348, 85.329434],
            [27.733036, 85.328881],
            [27.732088, 85.329203],
            [27.731712, 85.329118],
            [27.731504, 85.329064],
            [27.731262, 85.329002],
            [27.731207, 85.328992],
            [27.73115, 85.329015],
            [27.731114, 85.329062],
            [27.730994, 85.329515],
            [27.730947, 85.329638],
            [27.730884, 85.329715],
            [27.73079, 85.329789],
            [27.730688, 85.329917],
            [27.73039, 85.330178],
            [27.730216, 85.330347],
            [27.72996, 85.330578],
            [27.729717, 85.330793],
            [27.72959, 85.330882],
            [27.729362, 85.330833],
            [27.729166, 85.330819],
            [27.729034, 85.330833],
            [27.728896, 85.330852],
            [27.728775, 85.33091],
            [27.728679, 85.330922],
            [27.728302, 85.330859],
            [27.728115, 85.330847],
            [27.727997, 85.330841],
            [27.72778, 85.330827],
            [27.72749, 85.330788],
            [27.727362, 85.330759],
            [27.727224, 85.330745],
            [27.727081, 85.330699],
            [27.726936, 85.33066],
            [27.726536, 85.330523],
            [27.726478, 85.33051],
            [27.726299, 85.330483],
            [27.726178, 85.330568],
            [27.726131, 85.330588],
            [27.726004, 85.330617],
            [27.725866, 85.330632],
            [27.725649, 85.330659],
            [27.725116, 85.33073],
            [27.724935, 85.330752],
            [27.724804, 85.330782],
            [27.724714, 85.330819],
            [27.724594, 85.330876],
            [27.724517, 85.330913],
            [27.72445, 85.330945],
            [27.724432, 85.330953],
            [27.724248, 85.331051],
            [27.724043, 85.331065],
            [27.72394, 85.331073],
            [27.723877, 85.331066],
            [27.723798, 85.331036],
            [27.723722, 85.331029],
            [27.723607, 85.331019],
            [27.723321, 85.331021],
            [27.723159, 85.331057],
            [27.722994, 85.331108],
            [27.72274, 85.331191],
            [27.722652, 85.331206],
            [27.722594, 85.331208],
            [27.722453, 85.33123],
            [27.722063, 85.331336],
            [27.72202, 85.331342],
            [27.721924, 85.331343],
            [27.721873, 85.33134],
            [27.721799, 85.331325],
            [27.721708, 85.331324],
            [27.721616, 85.33133],
            [27.721476, 85.331345],
            [27.721319, 85.331372],
            [27.721167, 85.331418],
            [27.720937, 85.331577],
            [27.720837, 85.331604],
            [27.72075, 85.331593],
            [27.72054, 85.331546],
            [27.719996, 85.331361],
            [27.719661, 85.33123],
            [27.719444, 85.331155],
            [27.719221, 85.331082],
            [27.719174, 85.331066],
            [27.719145, 85.331057],
            [27.719115, 85.331047],
            [27.719014, 85.331013],
            [27.718897, 85.330975],
            [27.718543, 85.330847],
            [27.718145, 85.330714],
            [27.71799, 85.330663],
            [27.717875, 85.330619],
            [27.717569, 85.330523],
            [27.717354, 85.330458],
            [27.717253, 85.330428],
            [27.717109, 85.330387],
            [27.716993, 85.330354],
            [27.716525, 85.330203],
            [27.716478, 85.330189],
            [27.715585, 85.329873],
            [27.714711, 85.329556],
            [27.714533, 85.329473],
            [27.714443, 85.329422],
            [27.714479, 85.329269],
            [27.714522, 85.329021],
            [27.714579, 85.328562],
            [27.714665, 85.328059],
            [27.714823, 85.327244],
            [27.714835, 85.327075],
            [27.714733, 85.327075],
            [27.714587, 85.327043],
            [27.714457, 85.326998],
            [27.714299, 85.326939],
            [27.714091, 85.326874],
            [27.714038, 85.326862],
            [27.713994, 85.326855],
            [27.713954, 85.326845],
            [27.713601, 85.326726],
            [27.713384, 85.326666],
            [27.713131, 85.326634],
            [27.713425, 85.325654],
            [27.713433, 85.32558],
            [27.713435, 85.325479],
            [27.713424, 85.32539],
            [27.713291, 85.324984],
            [27.713164, 85.324573],
            [27.712923, 85.324009],
            [27.71277, 85.323561],
            [27.712651, 85.323297],
            [27.712488, 85.322935],
            [27.712475, 85.322907],
            [27.712224, 85.322362],
            [27.712104, 85.322133],
            [27.711702, 85.322172],
            [27.711564, 85.322174],
            [27.711523, 85.322173],
            [27.711479, 85.322168],
            [27.711436, 85.322162],
            [27.711389, 85.32215],
            [27.710931, 85.32202],
            [27.710719, 85.321977],
            [27.710608, 85.321961],
            [27.710556, 85.321961],
            [27.710511, 85.32197],
            [27.710461, 85.322007],
            [27.710354, 85.322079],
            [27.710278, 85.322125],
            [27.710195, 85.322157],
            [27.710157, 85.322164],
            [27.710113, 85.322168],
            [27.709637, 85.322077],
            [27.708932, 85.321963],
            [27.708531, 85.321908],
            [27.70818, 85.32186],
            [27.708067, 85.321835],
            [27.707989, 85.321818],
            [27.707932, 85.321848],
            [27.70789, 85.321889],
            [27.707823, 85.32195],
            [27.707164, 85.32255],
            [27.706984, 85.322677],
            [27.706845, 85.322761],
            [27.706704, 85.322832],
            [27.70661, 85.322833],
            [27.706585, 85.322833],
            [27.706329, 85.322832],
            [27.705978, 85.322839],
            [27.705626, 85.322828],
